1 2.16549e-08 -2.83808e-07 4.72792e-10
-2.83398e-08 -2.11021e-09 -2.51055e-11
0.999931 -0.000104915 -0.00321359 -0.0112566
0.00221182 -0.00158678 -0.000249158
0.999827 -9.82027e-05 -0.00519796 -0.0178611
0.0020629 -0.00406411 -0.00160013
0.999637 -0.000550245 -0.00636985 -0.0261742
0.000545451 -0.00683361 -0.0034502
0.999348 0.00183498 -0.00799443 -0.0351589
-0.00103521 -0.0100867 -0.00523115
0.999017 0.000344676 -0.00859534 -0.0434879
-0.00264919 -0.0129322 -0.00691201
0.998649 0.00158733 -0.0122339 -0.0504721
-0.00239546 -0.0158278 -0.0047217
0.9988 0.00158653 -0.0110245 -0.0476815
-0.00527356 -0.0182894 -0.00254709
0.998886 0.00200942 -0.0105728 -0.0459548
-0.00943824 -0.0205985 -4.49977e-05
0.998723 0.00213091 -0.0102165 -0.049433
-0.0143827 -0.0226571 0.00253396
0.998576 0.00239952 -0.00800752 -0.0526792
-0.0201943 -0.0245817 0.00546344
0.998469 0.00235771 -0.00849189 -0.0545996
-0.0260726 -0.0264717 0.00910791
0.998636 0.000293587 -0.00691216 -0.0517462
-0.0328978 -0.0281073 0.0126813
0.998943 0.000255824 -0.00470458 -0.0457152
-0.0398272 -0.030148 0.0188972
0.999085 -2.96422e-05 -0.00231757 -0.0427116
-0.0465386 -0.0322622 0.0262217
0.999203 -0.000503051 -0.0016384 -0.0398753
-0.0526323 -0.0344945 0.0334808
0.99919 -0.000785169 -0.000511898 -0.0402407
-0.058655 -0.036888 0.0394842
0.999031 -0.000777047 0.000651798 -0.0439988
-0.0646168 -0.0396397 0.0447316
0.999287 -0.00131772 0.00458231 -0.0374654
-0.0690309 -0.0431868 0.0484823
0.999366 -0.00320825 0.00871229 -0.0343837
-0.071978 -0.0465457 0.04958
0.99924 -0.00396471 0.00975323 -0.0375294
-0.073926 -0.049889 0.0495634
0.999 -0.00469189 0.00905419 -0.043543
-0.0754918 -0.0531443 0.0489095
0.998624 -0.0052731 0.0115516 -0.0508896
-0.0764504 -0.0564019 0.048091
0.998175 -0.00537419 0.00933458 -0.059425
-0.077412 -0.0596136 0.0470447
0.99759 -0.00530879 0.0097158 -0.0684998
-0.0780909 -0.0628424 0.0460925
0.996936 -0.00709781 0.0106728 -0.0771662
-0.0785204 -0.0657708 0.045137
0.996713 -0.00631228 0.00836475 -0.080339
-0.0785251 -0.0690329 0.0442016
0.996326 -0.00623148 0.00851401 -0.0849917
-0.0786377 -0.0722571 0.0434956
0.9958 -0.00581311 0.0100833 -0.0908178
-0.0785681 -0.0755627 0.0428217
0.995479 -0.00435303 0.00602887 -0.0946944
-0.0768925 -0.0790309 0.0418198
0.995311 -0.00351001 0.00357234 -0.0966016
-0.0746622 -0.0825164 0.0406993
0.995459 -0.00282649 0.00584412 -0.0949719
-0.072186 -0.0860085 0.039343
0.996325 -0.00213264 0.000776167 -0.0856205
-0.0679452 -0.0893667 0.0376282
0.997239 -0.00196889 -0.000330501 -0.0742311
-0.0637173 -0.0925792 0.0360365
0.998055 -0.00217294 -0.000155961 -0.0622979
-0.0598904 -0.0956849 0.0351028
0.998604 -0.0022316 -0.00361779 -0.0526539
-0.0562169 -0.098652 0.0347874
0.999082 -0.00246625 -0.00521653 -0.0424386
-0.052631 -0.101261 0.0349747
0.999397 -0.00258498 -0.00616003 -0.0340741
-0.0496604 -0.103586 0.0348523
0.999648 -0.00249552 -0.00708047 -0.0254546
-0.0468144 -0.105701 0.0354802
0.999822 -0.00264501 -0.00639325 -0.0175743
-0.0449269 -0.107746 0.0361094
0.999889 -0.00258604 -0.00774243 -0.0124982
-0.0433009 -0.109747 0.0374306
0.999935 -0.00274766 -0.00855348 -0.00697962
-0.0423823 -0.11175 0.0391059
0.999967 -0.00304822 -0.00733642 -0.00193142
-0.0424222 -0.11385 0.040999
0.999967 -0.00335363 -0.00733669 0.000534277
-0.0434732 -0.116078 0.0433767
0.999975 -0.00347214 -0.00584055 0.00175671
-0.0449934 -0.118356 0.0459336
0.999983 -0.00346919 -0.00464654 0.000450465
-0.0471736 -0.120705 0.0487618
0.999985 -0.00391452 -0.00377117 -0.000938311
-0.0496751 -0.122997 0.0517246
0.999998 -0.00133616 -0.00168148 -0.000165914
-0.0523131 -0.125407 0.0548416
0.999992 -0.00157595 4.20812e-05 -0.00357972
-0.0543046 -0.127292 0.0589144
0.999976 -0.0019701 0.0015752 -0.00637715
-0.0556141 -0.128698 0.0631362
0.999928 -0.00225564 0.00216576 -0.0116081
-0.0549048 -0.129714 0.0669778
0.999895 -0.00198272 0.00360487 -0.0139224
-0.0525899 -0.130277 0.070842
0.999858 -0.00169617 0.00404343 -0.0162407
-0.0488859 -0.130754 0.0744712
0.999744 -0.00169433 0.00381318 -0.0222413
-0.0447459 -0.131156 0.0782974
0.999718 -0.00134632 0.00412464 -0.0233312
-0.041308 -0.131555 0.0819137
0.999781 -0.00172089 0.00599579 -0.0199632
-0.0386969 -0.131911 0.0851312
0.999875 -0.00177728 0.00626605 -0.0144327
-0.0361411 -0.132173 0.0877578
0.999936 -0.00192507 0.00702678 -0.00869155
-0.0339135 -0.132355 0.0897483
0.999949 -0.00270758 0.00925067 -0.00312009
-0.0318271 -0.132395 0.0909069
0.999943 -0.0028547 0.00933793 0.00432878
-0.0292811 -0.132352 0.0916303
0.999879 -0.00290831 0.00880453 0.0125141
-0.0262738 -0.132221 0.0920366
0.9998 -0.00312622 0.00855953 0.0177789
-0.0231561 -0.132048 0.0923702
0.999721 -0.00389963 0.00780858 0.0219592
-0.0202432 -0.131815 0.0926565
0.99965 -0.0045413 0.00734059 0.025003
-0.0175096 -0.131585 0.0930976
0.999532 -0.00500731 0.00688552 0.0293892
-0.0145596 -0.131317 0.0937453
0.999471 -0.00497228 0.00637683 0.0314985
-0.0115643 -0.13097 0.0942804
0.999368 -0.00511787 0.00563736 0.0347267
-0.00833463 -0.130438 0.0950685
0.999526 -0.00483192 0.00277827 0.0302704
-0.00413637 -0.129607 0.0951379
0.999669 -0.00503652 0.00190383 0.0251557
-0.00052123 -0.128731 0.0963499
0.999726 -0.00548978 0.000484738 0.0227332
0.00422844 -0.12762 0.096157
0.999807 -0.00529257 -0.0021777 0.0187699
0.0082585 -0.126698 0.0960297
0.999757 -0.00496673 -0.00473992 0.0209443
0.00941227 -0.126248 0.0971579
