0 0 0 0
1 -0.350127 -0.0957306 -0.638519
2 0.202601 0.239058 -0.109618
3 0.268857 -0.0681853 -0.0215927
4 0.0661367 -0.0139695 -0.732726
5 -0.466345 -0.0544979 -0.538215
6 -0.0850707 0.0067593 -0.773021
7 0.18143 0.225692 -0.572903
8 -0.344779 -0.314079 0.0469594
9 0.28363 -0.0805303 -0.561685
10 0.243729 0.0576489 0.0512537
11 0.208147 -0.0933994 -0.616659
12 0.00275759 -0.423251 -0.620175
13 -0.314108 0.221367 -0.451013
14 0.165421 0.380862 -0.337176
15 0.31175 0.0606712 -0.0212596
16 -0.467679 0.0656376 -0.157243
17 -0.186634 -0.11894 -0.711565
18 -0.18312 0.367053 -0.573756
19 0.086542 0.0210935 -0.729121
20 0.0153266 0.341304 0.025108
21 0.0879706 -0.322184 -0.655613
22 0.281451 0.0681033 -0.254578
23 0.0545886 -0.38827 0.0120853
24 -0.0257175 -0.398096 -0.644011
25 0.22125 -0.324846 -0.230115
26 0.191222 0.371567 -0.382523
27 0.250852 0.0504267 -0.362842
28 -0.0543684 0.0583016 -0.753664
29 0.0507715 0.469732 -0.38745
30 -0.012595 0.345996 -0.645925
31 -0.055943 -0.499994 -0.114723
32 0.186101 -0.0410577 -0.645245
33 0.0626991 0.351912 -0.0368931
34 -0.100732 0.242382 -0.643327
35 -0.00801872 0.236024 -0.698597
36 0.00968347 0.271755 -0.690883
37 -0.124011 0.089001 -0.782399
38 -0.12058 0.296315 -0.606366
39 -0.439409 0.0752981 0.130536
40 -0.344342 -0.422656 -0.326154
41 -0.302418 -0.148938 0.133751
42 -0.0290664 0.124735 -0.7543
43 -0.00995805 -0.343417 -0.703444
44 0.150857 -0.160178 0.0918708
45 -0.359936 0.0453072 -0.67528
46 -0.0555199 -0.521138 -0.326921
47 0.0832103 0.0807832 -0.747747
48 -0.222096 0.0951569 0.16689
49 -0.0572373 0.0415866 -0.675662
50 -0.174983 -0.224028 -0.672284
51 0.225862 -0.0328947 0.0495506
52 0.225427 -0.10358 -0.34669
53 0.253639 -0.274344 -0.195565
54 -0.0131236 -0.409373 -0.624291
55 -0.166385 0.209321 0.0164797
56 -0.488172 -0.205903 -0.29337
57 -0.250916 -0.199865 -0.635253
58 0.0736662 -0.0562025 0.152898
59 0.174371 0.0817905 -0.462872
60 -0.351419 -0.0327219 -0.682632
61 -0.0924666 0.0183903 -0.694658
62 0.195485 -0.20517 -0.585555
63 0.0473287 0.114679 -0.540538
64 -0.246193 -0.352929 -0.612254
65 -0.299077 -0.312985 -0.032238
66 -0.0951832 0.282255 -0.587129
67 -0.349387 0.1643 -0.626556
68 -0.288564 -0.103298 -0.665682
69 0.130113 0.36911 -0.0870348
70 -0.200086 -0.15447 -0.696275
71 0.201228 0.00369767 0.0838963
72 -0.26934 0.161358 0.100482
73 -0.464746 0.225865 -0.350145
74 -0.201258 0.27481 -0.615797
75 -0.301926 0.0956091 -0.00587725
76 0.151038 -0.0504348 -0.68176
77 -0.0524774 0.0518505 0.205468
78 -0.441968 -0.305679 -0.194178
79 -0.327034 0.247271 -0.0503663
80 -0.264559 0.200542 -0.586849
81 0.243611 0.237969 -0.216083
82 -0.277432 0.119376 -0.667179
83 0.0858073 -0.0233685 -0.736468
84 0.0432303 0.138413 0.122979
85 0.171013 0.2991 -0.323496
86 0.273401 0.0171418 -0.502633
87 -0.156558 0.0777528 -0.7101
88 -0.119752 -0.454376 -0.447917
89 -0.432409 0.136321 0.0146345
90 -0.147402 0.465008 -0.35218
91 0.135678 0.330998 -0.566579
92 0.169235 0.377894 -0.429737
93 0.154932 -0.306556 0.00601078
94 0.290151 0.154112 -0.386528
95 0.0168439 -0.10689 -0.758213
96 -0.0677663 0.209521 0.145617
97 -0.0849141 0.439045 -0.121853
98 -0.121177 -0.0221245 0.172817
99 0.0730043 -0.258007 -0.713911
